[Engine_control]
x_time_nord=[0,5,5.01,7.5,7.51,10]
y_nord=[2000,2000,2500, 2500, 3000,3000]
x_time_pps=[0,5,5.01,10,10.01,15,15.01,20]
y_pps=[1,1,1,0.7,0.7,1,0.8,0.8]
p0=1e5
to=298


[Engine_ECU]
kp = -1e-5
ki = 1
x_epsilon_kp = [-2E05,-1E05,-0.5E05,-0.1E05,0,0.1E05,0.5E05,1E05,2E05]
y_kp = [-15E-05,-5E-05,-2.5E-05,-2.5E-05,-2.5E-05,-2.5E-05,-2.5E-05,-5E-05,-15E-05]
vnt_min = 0.1
vnt_max = 1
x_NE=[1000,1250,1500,1750,2000,2500,3000,3500,4000,4500]
y_pps_Qinj=[0,1]
z_Qinj=np.array([[6.51819E-06,8.19776E-06,1.0834E-05,1.23044E-05,1.25325E-05,1.2054E-05,1.15756E-05,1.12344E-05,1.14218E-05,1.01432E-05],
    [0.001278076,0.002009256,0.00318647,0.004222082,0.004914693,0.00590882,0.006809156,0.007709901,0.008958307,0.008949867]])
z_p1e_ord=np.array([[100000,100000,100000,100000,100000,100000,100000,100000,100000,100000],
    [115300,137700,198800,236800,248700,248300,246900,248000,265400,253400]])
